camera_matrix:
- - 1265.9318106685057
  - 0.0
  - 674.603129569105
- - 0.0
  - 1264.9196938792502
  - 357.25535812907384
- - 0.0
  - 0.0
  - 1.0
distortion_coefficients:
- - 0.2202914372319249
  - -1.557763248300669
  - 0.0021488743136773144
  - 0.012361334778821776
  - 8.576134955883466
extrinsic_matrix:
- - 0.943593330886947
  - -0.20976245180126574
  - -0.2561861427165767
  - -79.26291274592512
- - 0.22451386116431912
  - 0.9740268625420332
  - 0.029414234506644616
  - -109.04257945750629
- - 0.2433621828690016
  - -0.08527241559170655
  - 0.9661798295805961
  - 460.2836778115684
